export OMP_NUM_THREADS=1
aprun -n 576 -N 12 -S 6  -d $OMP_NUM_THREADS ./qr_test.x -p 24 -q 24 -r 85000 100000 5000 -nb 100

no failure

===================

done setting up MPI and BLACS, nprow=24, npcol=24, NB=100
M		Nc		Mc		Flop/s (r)		Flop/s (n)		Perc		resid		who failed
5000		300		300		2.010728		1.779301		13.0		2.616893e-19		X	#reduce=0
5000		300		300		2.020749		1.760866		14.8		2.616893e-19		X	#reduce=0
5000		300		300		2.039968		1.766618		15.5		2.616893e-19		X	#reduce=0
5000		300		300		2.059559		1.726611		19.3		2.616893e-19		X	#reduce=0
10000		500		500		4.003349		3.574121		12.0		1.368249e-19		X	#reduce=0
10000		500		500		4.774590		4.353716		9.7		1.368249e-19		X	#reduce=0
10000		500		500		4.791645		4.307394		11.2		1.368249e-19		X	#reduce=0
10000		500		500		5.321318		4.372625		21.7		1.368249e-19		X	#reduce=0
15000		700		700		7.547090		7.754042		-2.7		9.650714e-20		X	#reduce=0
15000		700		700		8.500893		7.931074		7.2		9.650714e-20		X	#reduce=0
15000		700		700		8.551793		7.703365		11.0		9.650714e-20		X	#reduce=0
15000		700		700		8.610322		7.750851		11.1		9.650714e-20		X	#reduce=0
20000		900		900		12.817441		12.201717		5.0		7.476650e-20		X	#reduce=0
20000		900		900		13.378556		12.186319		9.8		7.476650e-20		X	#reduce=0
20000		900		900		13.392624		12.456857		7.5		7.476650e-20		X	#reduce=0
20000		900		900		13.397849		12.761229		5.0		7.476650e-20		X	#reduce=0
25000		1100		1100		18.960739		18.603479		1.9		6.130296e-20		X	#reduce=0
25000		1100		1100		19.697754		19.432663		1.4		6.130296e-20		X	#reduce=0
25000		1100		1100		19.985699		17.737618		12.7		6.130296e-20		X	#reduce=0
25000		1100		1100		20.427520		17.614751		16.0		6.130296e-20		X	#reduce=0
30000		1300		1300		27.424007		24.805751		10.6		5.224721e-20		X	#reduce=0
30000		1300		1300		27.516291		24.135801		14.0		5.224721e-20		X	#reduce=0
30000		1300		1300		27.545717		25.642179		7.4		5.224721e-20		X	#reduce=0
30000		1300		1300		27.546105		23.791077		15.8		5.224721e-20		X	#reduce=0
35000		1500		1500		33.779089		34.460494		-2.0		4.565722e-20		X	#reduce=0
35000		1500		1500		33.851629		30.779414		10.0		4.565722e-20		X	#reduce=0
35000		1500		1500		36.873203		33.948685		8.6		4.565722e-20		X	#reduce=0
35000		1500		1500		38.330700		34.747717		10.3		4.565722e-20		X	#reduce=0
40000		1700		1700		44.911640		41.191099		9.0		4.059707e-20		X	#reduce=0
40000		1700		1700		44.918775		41.126266		9.2		4.059707e-20		X	#reduce=0
40000		1700		1700		44.943288		41.121591		9.3		4.059707e-20		X	#reduce=0
40000		1700		1700		45.083607		41.170091		9.5		4.059707e-20		X	#reduce=0
45000		1900		1900		58.187923		55.437907		5.0		3.668602e-20		X	#reduce=0
45000		1900		1900		58.207955		53.186979		9.4		3.668602e-20		X	#reduce=0
45000		1900		1900		58.443675		53.364628		9.5		3.668602e-20		X	#reduce=0
45000		1900		1900		58.892535		54.884729		7.3		3.668602e-20		X	#reduce=0
50000		2100		2100		73.963153		70.151351		5.4		3.353077e-20		X	#reduce=0
50000		2100		2100		74.143140		67.788952		9.4		3.353077e-20		X	#reduce=0
50000		2100		2100		74.215765		67.892988		9.3		3.353077e-20		X	#reduce=0
50000		2100		2100		75.892340		69.524000		9.2		3.353077e-20		X	#reduce=0
50000		2100		2100		75.989428		69.478599		9.4		3.353077e-20		X	#reduce=0
50000		2100		2100		76.004167		69.653833		9.1		3.353077e-20		X	#reduce=0
50000		2100		2100		76.633631		69.713707		9.9		3.353077e-20		X	#reduce=0
50000		2100		2100		79.086887		67.981163		16.3		3.353077e-20		X	#reduce=0
55000		2300		2300		95.237185		86.878032		9.6		3.095219e-20		X	#reduce=0
55000		2300		2300		95.656909		87.320295		9.5		3.095219e-20		X	#reduce=0
55000		2300		2300		95.866247		87.442762		9.6		3.095219e-20		X	#reduce=0
55000		2300		2300		95.869431		87.346353		9.8		3.095219e-20		X	#reduce=0
60000		2500		2500		117.410061		106.564307		10.2		2.877225e-20		X	#reduce=0
60000		2500		2500		117.583812		106.424987		10.5		2.877225e-20		X	#reduce=0
60000		2500		2500		117.751726		106.603127		10.5		2.877225e-20		X	#reduce=0
65000		2800		2800		141.178521		129.373638		9.1		2.692911e-20		X	#reduce=0
65000		2800		2800		142.797949		129.945570		9.9		2.692911e-20		X	#reduce=0
65000		2800		2800		142.844824		130.210284		9.7		2.692911e-20		X	#reduce=0
65000		2800		2800		142.867778		129.998945		9.9		2.692911e-20		X	#reduce=0
70000		3000		3000		170.867617		156.385198		9.3		2.533300e-20		X	#reduce=0
70000		3000		3000		171.146164		156.456237		9.4		2.533300e-20		X	#reduce=0
75000		3200		3200		199.821165		183.180953		9.1		2.392336e-20		X	#reduce=0
75000		3200		3200		199.932395		183.289138		9.1		2.392336e-20		X	#reduce=0
75000		3200		3200		200.289648		183.177307		9.3		2.392336e-20		X	#reduce=0
80000		3400		3400		235.705511		216.387949		8.9		2.270168e-20		X	#reduce=0
80000		3400		3400		235.999772		216.124532		9.2		2.270168e-20		X	#reduce=0
80000		3400		3400		236.055632		216.228373		9.2		2.270168e-20		X	#reduce=0
85000		3600		3600		275.348372		251.646803		9.4		2.161366e-20		X	#reduce=0
90000		3800		3800		329.319648		299.320050		10.0		2.062668e-20		X	#reduce=0
90000		3800		3800		325.234317		292.066506		11.4		2.062668e-20		X	#reduce=0
90000		3800		3800		319.890169		290.947925		9.9		2.062668e-20		X	#reduce=0
95000		4000		4000		404.956744		361.879944		11.9		1.976511e-20		X	#reduce=0
95000		4000		4000		396.924519		361.665227		9.7		1.976511e-20		X	#reduce=0
95000		4000		4000		395.997926		360.358548		9.9		1.976511e-20		X	#reduce=0
100000		4200		4200		449.729603		412.780553		9.0		1.896900e-20		X	#reduce=0
100000		4200		4200		449.173477		411.746516		9.1		1.896900e-20		X	#reduce=0
100000		4200		4200		448.312401		412.244456		8.7		1.896900e-20		X	#reduce=0
