export OMP_NUM_THREADS=1
aprun -n 576 -N 12 -S 6  -d $OMP_NUM_THREADS ./qr_test.x -p 24 -q 24 -r 85000 100000 5000 -nb 100

all these have 1 error fixed 

===================

done setting up MPI and BLACS, nprow=24, npcol=24, NB=100
M		Nc		Mc		Flop/s (r)		Flop/s (n)		Perc		resid		who failed
5000		300		300		2.341680		2.287426		2.4		3.658480e-19		X	#reduce=0
5000		300		300		2.534295		2.196013		15.4		3.658480e-19		X	#reduce=0
5000		300		300		3.205976		2.424238		32.2		3.658480e-19		X	#reduce=0
5000		300		300		3.229329		2.442052		32.2		3.658480e-19		X	#reduce=0
5000		300		300		3.246924		2.439466		33.1		3.658480e-19		X	#reduce=0
5000		300		300		3.264452		2.411184		35.4		3.658480e-19		X	#reduce=0
5000		300		300		3.281734		2.535725		29.4		3.658480e-19		X	#reduce=0
5000		300		300		3.304113		2.437145		35.6		3.658480e-19		X	#reduce=0
5000		300		300		3.317543		2.406044		37.9		3.658480e-19		X	#reduce=0
5000		300		300		3.350259		2.608418		28.4		3.658480e-19		X	#reduce=0
10000		500		500		10.301634		6.597890		56.1		1.646998e-19		X	#reduce=0
10000		500		500		6.107272		5.559096		9.9		1.646998e-19		X	#reduce=0
10000		500		500		6.479830		5.899235		9.8		1.646998e-19		X	#reduce=0
10000		500		500		6.600478		4.820726		36.9		1.646998e-19		X	#reduce=0
10000		500		500		6.651842		5.558445		19.7		1.646998e-19		X	#reduce=0
10000		500		500		6.824821		5.559300		22.8		1.646998e-19		X	#reduce=0
10000		500		500		7.038849		5.664872		24.3		1.646998e-19		X	#reduce=0
10000		500		500		7.059816		4.750473		48.6		1.646998e-19		X	#reduce=0
10000		500		500		7.225570		5.935096		21.7		1.646998e-19		X	#reduce=0
10000		500		500		7.865064		6.544390		20.2		1.646998e-19		X	#reduce=0
15000		700		700		10.855631		8.965415		21.1		1.258034e-19		X	#reduce=0
15000		700		700		11.587049		9.249395		25.3		1.258034e-19		X	#reduce=0
15000		700		700		12.300951		10.509066		17.1		1.258034e-19		X	#reduce=0
15000		700		700		12.531265		11.064016		13.3		1.258034e-19		X	#reduce=0
15000		700		700		12.532884		10.399581		20.5		1.258034e-19		X	#reduce=0
15000		700		700		12.958579		11.030920		17.5		1.258034e-19		X	#reduce=0
15000		700		700		13.026721		11.091464		17.4		1.258034e-19		X	#reduce=0
15000		700		700		8.882208		7.445525		19.3		1.258034e-19		X	#reduce=0
15000		700		700		9.028947		7.452336		21.2		1.258034e-19		X	#reduce=0
15000		700		700		9.030871		7.490595		20.6		1.258034e-19		X	#reduce=0
20000		900		900		13.884047		11.917346		16.5		9.046643e-20		X	#reduce=0
20000		900		900		13.916204		11.740623		18.5		9.046643e-20		X	#reduce=0
20000		900		900		14.007771		11.830294		18.4		9.046643e-20		X	#reduce=0
20000		900		900		18.188070		15.417924		18.0		9.046643e-20		X	#reduce=0
20000		900		900		18.464179		15.691084		17.7		9.046643e-20		X	#reduce=0
20000		900		900		18.518339		16.059805		15.3		9.046643e-20		X	#reduce=0
20000		900		900		18.776802		16.508161		13.7		9.046643e-20		X	#reduce=0
20000		900		900		19.927044		15.629815		27.5		9.046643e-20		X	#reduce=0
25000		1100		1100		26.420847		27.196661		-2.9		7.151662e-20		X	#reduce=0
25000		1100		1100		26.462898		23.812907		11.1		7.151662e-20		X	#reduce=0
25000		1100		1100		27.040740		23.595638		14.6		7.151662e-20		X	#reduce=0
25000		1100		1100		27.284584		23.624622		15.5		7.151662e-20		X	#reduce=0
25000		1100		1100		28.004755		24.119767		16.1		7.151662e-20		X	#reduce=0
30000		1300		1300		35.295597		35.006751		0.8		5.922745e-20		X	#reduce=0
30000		1300		1300		35.379437		32.340533		9.4		5.922745e-20		X	#reduce=0
30000		1300		1300		36.364635		33.432533		8.8		5.922745e-20		X	#reduce=0
30000		1300		1300		36.979217		31.669314		16.8		5.922745e-20		X	#reduce=0
30000		1300		1300		37.018687		31.663681		16.9		5.922745e-20		X	#reduce=0
35000		1500		1500		46.102596		40.449075		14.0		5.208557e-20		X	#reduce=0
35000		1500		1500		47.198106		40.561285		16.4		5.208557e-20		X	#reduce=0
35000		1500		1500		48.603353		44.490380		9.2		5.208557e-20		X	#reduce=0
35000		1500		1500		49.031110		43.578029		12.5		5.208557e-20		X	#reduce=0
35000		1500		1500		51.489495		43.249987		19.1		5.208557e-20		X	#reduce=0
40000		1700		1700		57.690851		54.877886		5.1		4.406112e-20		X	#reduce=0
40000		1700		1700		59.578948		51.155817		16.5		4.406112e-20		X	#reduce=0
40000		1700		1700		61.758442		52.791917		17.0		4.406112e-20		X	#reduce=0
40000		1700		1700		61.775252		55.332243		11.6		4.406112e-20		X	#reduce=0
40000		1700		1700		65.544623		54.586279		20.1		4.406112e-20		X	#reduce=0
45000		1900		1900		67.099774		59.982274		11.9		3.993902e-20		X	#reduce=0
45000		1900		1900		67.709852		59.050706		14.7		3.993902e-20		X	#reduce=0
45000		1900		1900		67.732814		59.993684		12.9		3.993902e-20		X	#reduce=0
45000		1900		1900		68.009529		59.913421		13.5		3.993902e-20		X	#reduce=0
45000		1900		1900		68.357743		59.987330		14.0		3.993902e-20		X	#reduce=0
45000		1900		1900		76.928580		69.146813		11.3		3.993902e-20		X	#reduce=0
45000		1900		1900		80.292432		68.426914		17.3		3.993902e-20		X	#reduce=0
50000		2100		2100		84.270592		76.243020		10.5		4.123004e-20		X	#reduce=0
50000		2100		2100		84.772206		75.630642		12.1		4.123004e-20		X	#reduce=0
50000		2100		2100		84.999955		79.564368		6.8		4.123004e-20		X	#reduce=0
50000		2100		2100		85.485542		75.960010		12.5		4.123004e-20		X	#reduce=0
50000		2100		2100		86.007957		75.510499		13.9		4.123004e-20		X	#reduce=0
55000		2300		2300		101.851416		91.155080		11.7		3.705406e-20		X	#reduce=0
55000		2300		2300		102.537380		92.495373		10.9		3.705406e-20		X	#reduce=0
55000		2300		2300		102.697972		93.600369		9.7		3.705406e-20		X	#reduce=0
55000		2300		2300		103.400942		91.071171		13.5		3.705406e-20		X	#reduce=0
55000		2300		2300		105.233578		94.497150		11.4		3.705406e-20		X	#reduce=0
55000		2300		2300		105.316971		92.730837		13.6		3.705406e-20		X	#reduce=0
55000		2300		2300		106.291548		90.276104		17.7		3.705406e-20		X	#reduce=0
55000		2300		2300		106.339441		95.366217		11.5		3.705406e-20		X	#reduce=0
60000		2500		2500		125.706877		110.959752		13.3		3.422929e-20		X	#reduce=0
60000		2500		2500		130.339008		113.773658		14.6		3.422929e-20		X	#reduce=0
60000		2500		2500		131.623889		118.560617		11.0		3.422929e-20		X	#reduce=0
60000		2500		2500		135.334432		121.350584		11.5		3.422929e-20		X	#reduce=0
65000		2800		2800		146.401971		130.522999		12.2		3.176059e-20		X	#reduce=0
65000		2800		2800		146.845084		131.835695		11.4		3.176059e-20		X	#reduce=0
65000		2800		2800		149.381534		132.609593		12.6		3.176059e-20		X	#reduce=0
70000		3000		3000		174.027594		157.788190		10.3		2.985842e-20		X	#reduce=0
70000		3000		3000		175.485655		157.102896		11.7		2.985842e-20		X	#reduce=0
70000		3000		3000		178.590242		161.044841		10.9		2.985842e-20		X	#reduce=0
75000		3200		3200		212.098533		188.916797		12.3		2.830868e-20		X	#reduce=0
75000		3200		3200		213.493513		196.017300		8.9		2.830868e-20		X	#reduce=0
75000		3200		3200		219.783816		190.783858		15.2		2.830868e-20		X	#reduce=0
80000		3400		3400		251.010644		227.635577		10.3		2.574977e-20		X	#reduce=0
80000		3400		3400		251.652023		224.507440		12.1		2.574977e-20		X	#reduce=0
80000		3400		3400		251.723350		224.494821		12.1		2.574977e-20		X	#reduce=0
85000		3600		3600		283.266081		254.160486		11.5		2.484112e-20		X	#reduce=0
85000		3600		3600		282.512388		257.363651		9.8		2.484112e-20		X	#reduce=0
85000		3600		3600		287.460569		261.053567		10.1		2.484112e-20		X	#reduce=0
90000		3800		3800		329.421904		292.236009		12.7		2.293403e-20		X	#reduce=0
90000		3800		3800		327.038479		297.455769		9.9		2.293403e-20		X	#reduce=0
95000		4000		4000		389.415927		341.939902		13.9		2.208237e-20		X	#reduce=0
95000		4000		4000		375.698161		338.739312		10.9		2.208237e-20		X	#reduce=0
95000		4000		4000		380.239543		338.219578		12.4		2.208237e-20		X	#reduce=0
100000		4200		4200		444.898815		403.764574		10.2		2.090629e-20		X	#reduce=0
100000		4200		4200		442.327638		401.244854		10.2		2.090629e-20		X	#reduce=0

