export OMP_NUM_THREADS=6 

aprun -n 576 -N 2 -S 1  -d $OMP_NUM_THREADS ./qr_test.x -p 24 -q 24 -r 100000 120000 5000 -nb 100


24 x 24 processes, 6 threads per process, 1 process per socket, 2 sockets per node, in total 24 x 24 x 6 = 3456 cores

export OMP_NUM_THREADS=6 
aprun -n 576 -N 2 -S 1  -d $OMP_NUM_THREADS ./qr_test.x -p 24 -q 24 -r 10000 120000 5000 -nb 100


computation carried out in shared memory.
one error was fixed. 
please ignore the Nc and Mc columns.


===========================================================================================================
done setting up MPI and BLACS, nprow=24, npcol=24, NB=100
M		Nc		Mc		Time (ft)		Time (slp)		Perc		resid		who failed
5000		300		300		2.016600		1.623022		24.2		3.733625e-19		X	#reduce=0
5000		300		300		2.018813		1.633901		23.6		3.733625e-19		X	#reduce=0
5000		300		300		2.028083		1.631632		24.3		3.733625e-19		X	#reduce=0
5000		300		300		2.052777		1.634510		25.6		3.733625e-19		X	#reduce=0
10000		500		500		3.726342		3.165388		17.7		1.650786e-19		X	#reduce=0
10000		500		500		3.985156		3.359682		18.6		1.650786e-19		X	#reduce=0
10000		500		500		4.017632		3.484633		15.3		1.650786e-19		X	#reduce=0
10000		500		500		4.077359		3.462878		17.7		1.650786e-19		X	#reduce=0
10000		500		500		4.098205		3.469645		18.1		1.650786e-19		X	#reduce=0
10000		500		500		4.103803		3.487286		17.7		1.650786e-19		X	#reduce=0
10000		500		500		4.103967		3.530856		16.2		1.650786e-19		X	#reduce=0
10000		500		500		4.121099		3.504013		17.6		1.650786e-19		X	#reduce=0
10000		500		500		4.167966		3.495095		19.3		1.650786e-19		X	#reduce=0
15000		700		700		5.896085		5.066763		16.4		1.269545e-19		X	#reduce=0
15000		700		700		6.212452		5.433513		14.3		1.269545e-19		X	#reduce=0
15000		700		700		6.347192		5.677554		11.8		1.269545e-19		X	#reduce=0
15000		700		700		6.398599		5.592109		14.4		1.269545e-19		X	#reduce=0
15000		700		700		6.400123		5.825073		9.9		1.269545e-19		X	#reduce=0
15000		700		700		6.418145		6.201683		3.5		1.269545e-19		X	#reduce=0
15000		700		700		6.422045		5.552354		15.7		1.269545e-19		X	#reduce=0
15000		700		700		6.461752		5.667864		14.0		1.269545e-19		X	#reduce=0
15000		700		700		6.470436		5.497840		17.7		1.269545e-19		X	#reduce=0
20000		900		900		8.659427		7.306598		18.5		8.897370e-20		X	#reduce=0
20000		900		900		9.043664		7.724270		17.1		8.897370e-20		X	#reduce=0
20000		900		900		9.057055		7.930730		14.2		8.897370e-20		X	#reduce=0
20000		900		900		9.088719		8.019404		13.3		8.897370e-20		X	#reduce=0
20000		900		900		9.096646		7.953288		14.4		8.897370e-20		X	#reduce=0
20000		900		900		9.119208		7.925058		15.1		8.897370e-20		X	#reduce=0
20000		900		900		9.156476		7.187033		27.4		8.897370e-20		X	#reduce=0
20000		900		900		9.159442		8.026530		14.1		8.897370e-20		X	#reduce=0
20000		900		900		9.169263		8.040495		14.0		8.897370e-20		X	#reduce=0
25000		1100		1100		11.256858		10.720323		5.0		7.070349e-20		X	#reduce=0
25000		1100		1100		11.303116		10.626573		6.4		7.070349e-20		X	#reduce=0
25000		1100		1100		11.447272		9.921746		15.4		7.070349e-20		X	#reduce=0
25000		1100		1100		12.011556		10.412436		15.4		7.070349e-20		X	#reduce=0
25000		1100		1100		12.145146		10.813364		12.3		7.070349e-20		X	#reduce=0
25000		1100		1100		12.189106		10.661465		14.3		7.070349e-20		X	#reduce=0
25000		1100		1100		12.192766		10.762343		13.3		7.070349e-20		X	#reduce=0
25000		1100		1100		12.250977		10.788213		13.6		7.070349e-20		X	#reduce=0
25000		1100		1100		12.321503		10.758805		14.5		7.070349e-20		X	#reduce=0
30000		1300		1300		14.619924		12.631380		15.7		5.853368e-20		X	#reduce=0
30000		1300		1300		14.646161		13.350880		9.7		5.853368e-20		X	#reduce=0
30000		1300		1300		15.038755		13.632271		10.3		5.853368e-20		X	#reduce=0
30000		1300		1300		15.079872		13.570184		11.1		5.853368e-20		X	#reduce=0
30000		1300		1300		15.598788		13.690461		13.9		5.853368e-20		X	#reduce=0
30000		1300		1300		15.630543		13.752561		13.7		5.853368e-20		X	#reduce=0
30000		1300		1300		15.665287		13.999523		11.9		5.853368e-20		X	#reduce=0
30000		1300		1300		15.811397		13.545124		16.7		5.853368e-20		X	#reduce=0
30000		1300		1300		15.824689		12.569520		25.9		5.853368e-20		X	#reduce=0
35000		1500		1500		18.647876		17.261229		8.0		5.094390e-20		X	#reduce=0
35000		1500		1500		19.387443		16.147537		20.1		5.094390e-20		X	#reduce=0
35000		1500		1500		19.495528		16.892902		15.4		5.094390e-20		X	#reduce=0
35000		1500		1500		19.540251		16.744082		16.7		5.094390e-20		X	#reduce=0
35000		1500		1500		19.550903		17.574256		11.2		5.094390e-20		X	#reduce=0
35000		1500		1500		19.572849		17.207521		13.7		5.094390e-20		X	#reduce=0
35000		1500		1500		19.619205		17.002274		15.4		5.094390e-20		X	#reduce=0
35000		1500		1500		20.254619		17.487200		15.8		5.094390e-20		X	#reduce=0
40000		1700		1700		21.971134		19.155328		14.7		4.419718e-20		X	#reduce=0
40000		1700		1700		23.102730		20.602177		12.1		4.419718e-20		X	#reduce=0
40000		1700		1700		23.239753		21.113252		10.1		4.419718e-20		X	#reduce=0
40000		1700		1700		23.419597		21.019425		11.4		4.419718e-20		X	#reduce=0
40000		1700		1700		24.038137		20.840786		15.3		4.419718e-20		X	#reduce=0
40000		1700		1700		24.128645		20.988672		15.0		4.419718e-20		X	#reduce=0
40000		1700		1700		24.208971		20.129841		20.3		4.419718e-20		X	#reduce=0
40000		1700		1700		24.724497		20.823539		18.7		4.419718e-20		X	#reduce=0
45000		1900		1900		26.648084		23.442257		13.7		4.019843e-20		X	#reduce=0
45000		1900		1900		26.758661		23.410884		14.3		4.019843e-20		X	#reduce=0
45000		1900		1900		28.490716		25.120094		13.4		4.019843e-20		X	#reduce=0
45000		1900		1900		28.502346		24.941746		14.3		4.019843e-20		X	#reduce=0
45000		1900		1900		28.606861		23.961222		19.4		4.019843e-20		X	#reduce=0
45000		1900		1900		28.712839		24.530563		17.0		4.019843e-20		X	#reduce=0
45000		1900		1900		28.806665		24.156590		19.2		4.019843e-20		X	#reduce=0
45000		1900		1900		29.040672		24.949514		16.4		4.019843e-20		X	#reduce=0
50000		2100		2100		32.521296		29.714877		9.4		4.119657e-20		X	#reduce=0
50000		2100		2100		32.729186		29.587991		10.6		4.119657e-20		X	#reduce=0
50000		2100		2100		33.156095		29.409371		12.7		4.119657e-20		X	#reduce=0
50000		2100		2100		33.183695		29.546779		12.3		4.119657e-20		X	#reduce=0
50000		2100		2100		33.202556		29.898127		11.1		4.119657e-20		X	#reduce=0
50000		2100		2100		33.270730		29.609779		12.4		4.119657e-20		X	#reduce=0
50000		2100		2100		33.509667		29.879048		12.2		4.119657e-20		X	#reduce=0
50000		2100		2100		33.994952		28.837332		17.9		4.119657e-20		X	#reduce=0
50000		2100		2100		36.035857		29.735791		21.2		4.119657e-20		X	#reduce=0
5000		300			300			2.014500		1.629883		23.6		3.733625e-19		X	#reduce=0
55000		2300		2300		39.019411		34.765892		12.2		3.772441e-20		X	#reduce=0
55000		2300		2300		39.133149		35.218716		11.1		3.772441e-20		X	#reduce=0
55000		2300		2300		39.634656		34.877651		13.6		3.772441e-20		X	#reduce=0
55000		2300		2300		39.803692		33.972232		17.2		3.772441e-20		X	#reduce=0
55000		2300		2300		39.839669		34.287457		16.2		3.772441e-20		X	#reduce=0
55000		2300		2300		40.187287		34.726884		15.7		3.772441e-20		X	#reduce=0
60000		2500		2500		45.864763		40.355655		13.7		3.421787e-20		X	#reduce=0
60000		2500		2500		46.037372		40.624479		13.3		3.421787e-20		X	#reduce=0
60000		2500		2500		46.148759		40.963214		12.7		3.421787e-20		X	#reduce=0
60000		2500		2500		46.437970		39.768961		16.8		3.421787e-20		X	#reduce=0
60000		2500		2500		46.594470		39.859614		16.9		3.421787e-20		X	#reduce=0
60000		2500		2500		46.957359		40.768729		15.2		3.421787e-20		X	#reduce=0
65000		2800		2800		53.146148		47.336547		12.3		3.166767e-20		X	#reduce=0
65000		2800		2800		53.928967		46.965636		14.8		3.166767e-20		X	#reduce=0
65000		2800		2800		54.244349		46.442406		16.8		3.166767e-20		X	#reduce=0
65000		2800		2800		54.558166		47.071497		15.9		3.166767e-20		X	#reduce=0
65000		2800		2800		54.902443		47.377380		15.9		3.166767e-20		X	#reduce=0
70000		3000		3000		61.978196		54.498304		13.7		2.945598e-20		X	#reduce=0
70000		3000		3000		62.594532		54.942603		13.9		2.945598e-20		X	#reduce=0
70000		3000		3000		62.700949		54.545514		15.0		2.945598e-20		X	#reduce=0
70000		3000		3000		62.711082		54.786831		14.5		2.945598e-20		X	#reduce=0
70000		3000		3000		62.728757		54.478424		15.1		2.945598e-20		X	#reduce=0
75000		3200		3200		68.831921		59.753870		15.2		2.827155e-20		X	#reduce=0
75000		3200		3200		69.448054		60.491048		14.8		2.827155e-20		X	#reduce=0
75000		3200		3200		69.548212		60.838718		14.3		2.827155e-20		X	#reduce=0
75000		3200		3200		69.680934		60.910159		14.4		2.827155e-20		X	#reduce=0
75000		3200		3200		69.874084		60.112737		16.2		2.827155e-20		X	#reduce=0
75000		3200		3200		71.696728		62.286910		15.1		2.827155e-20		X	#reduce=0
80000		3400		3400		78.851522		68.569170		15.0		2.562457e-20		X	#reduce=0
80000		3400		3400		78.946119		68.857512		14.7		2.562457e-20		X	#reduce=0
80000		3400		3400		79.390070		69.070904		14.9		2.562457e-20		X	#reduce=0
80000		3400		3400		79.629336		67.984471		17.1		2.562457e-20		X	#reduce=0
80000		3400		3400		79.704126		69.108429		15.3		2.562457e-20		X	#reduce=0
85000		3600		3600		89.348521		78.304307		14.1		2.451639e-20		X	#reduce=0
85000		3600		3600		89.456664		77.914095		14.8		2.451639e-20		X	#reduce=0
85000		3600		3600		89.575383		77.722041		15.3		2.451639e-20		X	#reduce=0
85000		3600		3600		89.802934		77.964723		15.2		2.451639e-20		X	#reduce=0
85000		3600		3600		89.825992		78.107589		15.0		2.451639e-20		X	#reduce=0
90000		3800		3800		100.147919		87.476888		14.5		2.275461e-20		X	#reduce=0
90000		3800		3800		100.162466		87.167005		14.9		2.275461e-20		X	#reduce=0
90000		3800		3800		100.194786		87.120434		15.0		2.275461e-20		X	#reduce=0
90000		3800		3800		100.325666		87.564039		14.6		2.275461e-20		X	#reduce=0
90000		3800		3800		100.708865		87.735774		14.8		2.275461e-20		X	#reduce=0
95000		4000		4000		107.416554		94.042510		14.2		2.201234e-20		X	#reduce=0
95000		4000		4000		107.585936		95.034848		13.2		2.201234e-20		X	#reduce=0
95000		4000		4000		107.697480		94.895567		13.5		2.201234e-20		X	#reduce=0
95000		4000		4000		112.637791		98.482137		14.4		2.201234e-20		X	#reduce=0
95000		4000		4000		113.250113		95.562380		18.5		2.201234e-20		X	#reduce=0
100000		4200		4200		123.455237		109.275203		13.0		2.093146e-20		X	#reduce=0
100000		4200		4200		123.525565		111.570511		10.7		2.093146e-20		X	#reduce=0
100000		4200		4200		124.208722		108.688420		14.3		2.093146e-20		X	#reduce=0
100000		4200		4200		124.234836		109.662172		13.3		2.093146e-20		X	#reduce=0
100000		4200		4200		124.932175		109.316510		14.3		2.093146e-20		X	#reduce=0
100000		4200		4200		125.130362		109.592622		14.2		2.093146e-20		X	#reduce=0
105000		4400		4400		133.600930		117.658771		13.5		1.975362e-20		X	#reduce=0
105000		4400		4400		133.620277		117.362278		13.9		1.975362e-20		X	#reduce=0
105000		4400		4400		134.452042		117.926684		14.0		1.975362e-20		X	#reduce=0

