24 x 24 processes, 1 proces(and 1 thread) per node

export OMP_NUM_THREADS=1
aprun -n 576 -N 2 -S 1  -d $OMP_NUM_THREADS ./qr_test.x -p 24 -q 24 -r 85000 100000 5000 -nb 100

all these have 1 error fixed 

===================

done setting up MPI and BLACS, nprow=24, npcol=24, NB=100
M		Nc		Mc		Time (ft)		Time (slp)		Perc		resid		who failed

5000		300		300		2.259383		1.773831		27.4		3.698891e-19		X	#reduce=0
5000		300		300		2.370573		1.947494		21.7		3.698891e-19		X	#reduce=0
5000		300		300		2.372420		1.957271		21.2		3.698891e-19		X	#reduce=0
5000		300		300		2.427450		1.975975		22.8		3.698891e-19		X	#reduce=0
5000		300		300		2.490412		1.934164		28.8		3.698891e-19		X	#reduce=0
5000		300		300		2.499616		1.698398		47.2		3.698891e-19		X	#reduce=0
5000		300		300		2.506687		2.012491		24.6		3.698891e-19		X	#reduce=0
10000		500		500		4.813986		4.216553		14.2		1.719235e-19		X	#reduce=0
10000		500		500		5.161889		4.138550		24.7		1.719235e-19		X	#reduce=0
10000		500		500		5.173319		4.399540		17.6		1.719235e-19		X	#reduce=0
10000		500		500		5.231322		4.443127		17.7		1.719235e-19		X	#reduce=0
10000		500		500		5.324106		4.451672		19.6		1.719235e-19		X	#reduce=0
10000		500		500		5.578360		4.819168		15.8		1.719235e-19		X	#reduce=0
10000		500		500		5.683970		4.516303		25.9		1.719235e-19		X	#reduce=0
10000		500		500		5.718100		4.458220		28.3		1.719235e-19		X	#reduce=0
15000		700		700		8.502206		7.563047		12.4		1.248680e-19		X	#reduce=0
15000		700		700		8.571685		7.535328		13.8		1.248680e-19		X	#reduce=0
15000		700		700		8.594896		7.423245		15.8		1.248680e-19		X	#reduce=0
15000		700		700		8.681814		7.588290		14.4		1.248680e-19		X	#reduce=0
15000		700		700		8.700165		7.458952		16.6		1.248680e-19		X	#reduce=0
15000		700		700		8.746471		7.388790		18.4		1.248680e-19		X	#reduce=0
15000		700		700		9.322393		7.452800		25.1		1.248680e-19		X	#reduce=0
20000		900		900		13.179384		12.398221		6.3		9.217972e-20		X	#reduce=0
20000		900		900		13.254664		11.761290		12.7		9.217972e-20		X	#reduce=0
20000		900		900		13.267661		12.148918		9.2		9.217972e-20		X	#reduce=0
20000		900		900		13.368848		11.531783		15.9		9.217972e-20		X	#reduce=0
20000		900		900		13.586744		11.659322		16.5		9.217972e-20		X	#reduce=0
25000		1100		1100		18.662835		16.100753		15.9		7.190282e-20		X	#reduce=0
25000		1100		1100		18.705464		16.893786		10.7		7.190282e-20		X	#reduce=0
25000		1100		1100		19.192871		16.635032		15.4		7.190282e-20		X	#reduce=0
25000		1100		1100		19.368138		17.048081		13.6		7.190282e-20		X	#reduce=0
25000		1100		1100		19.588551		16.747515		17.0		7.190282e-20		X	#reduce=0
30000		1300		1300		25.482482		23.874189		6.7		5.990783e-20		X	#reduce=0
30000		1300		1300		25.645754		23.339408		9.9		5.990783e-20		X	#reduce=0
30000		1300		1300		26.314919		23.378925		12.6		5.990783e-20		X	#reduce=0
30000		1300		1300		26.426779		24.180783		9.3		5.990783e-20		X	#reduce=0
30000		1300		1300		26.650633		23.817850		11.9		5.990783e-20		X	#reduce=0
35000		1500		1500		33.821093		32.038799		5.6		5.245375e-20		X	#reduce=0
35000		1500		1500		34.678516		31.263334		10.9		5.245375e-20		X	#reduce=0
35000		1500		1500		34.844388		31.196706		11.7		5.245375e-20		X	#reduce=0
35000		1500		1500		35.493117		31.032534		14.4		5.245375e-20		X	#reduce=0
35000		1500		1500		36.145602		32.265682		12.0		5.245375e-20		X	#reduce=0
40000		1700		1700		39.504901		35.745271		10.5		4.449299e-20		X	#reduce=0
40000		1700		1700		39.649109		35.940117		10.3		4.449299e-20		X	#reduce=0
40000		1700		1700		39.702425		35.543594		11.7		4.449299e-20		X	#reduce=0
40000		1700		1700		39.706215		35.622976		11.5		4.449299e-20		X	#reduce=0
40000		1700		1700		40.403615		35.650765		13.3		4.449299e-20		X	#reduce=0
40000		1700		1700		46.042187		40.612737		13.4		4.449299e-20		X	#reduce=0
40000		1700		1700		46.363643		41.264914		12.4		4.449299e-20		X	#reduce=0
45000		1900		1900		51.084061		46.380901		10.1		4.033853e-20		X	#reduce=0
45000		1900		1900		51.240132		46.419838		10.4		4.033853e-20		X	#reduce=0
45000		1900		1900		51.533331		46.498926		10.8		4.033853e-20		X	#reduce=0
45000		1900		1900		51.572874		46.430601		11.1		4.033853e-20		X	#reduce=0
45000		1900		1900		51.932850		46.493936		11.7		4.033853e-20		X	#reduce=0
50000		2100		2100		65.121795		59.549656		9.4		4.149250e-20		X	#reduce=0
50000		2100		2100		65.767944		58.885020		11.7		4.149250e-20		X	#reduce=0
50000		2100		2100		65.863598		59.117174		11.4		4.149250e-20		X	#reduce=0
50000		2100		2100		66.100684		59.260846		11.5		4.149250e-20		X	#reduce=0
50000		2100		2100		66.384942		59.391007		11.8		4.149250e-20		X	#reduce=0
55000		2300		2300		81.107718		74.216887		9.3		3.833285e-20		X	#reduce=0
55000		2300		2300		81.164374		74.158431		9.4		3.833285e-20		X	#reduce=0
55000		2300		2300		81.678260		74.445451		9.7		3.833285e-20		X	#reduce=0
55000		2300		2300		81.950868		73.902718		10.9		3.833285e-20		X	#reduce=0
55000		2300		2300		81.955017		74.002874		10.7		3.833285e-20		X	#reduce=0
60000		2500		2500		100.110103		90.999442		10.0		3.465801e-20		X	#reduce=0
60000		2500		2500		100.158437		91.006952		10.1		3.465801e-20		X	#reduce=0
60000		2500		2500		100.408697		91.505023		9.7		3.465801e-20		X	#reduce=0
60000		2500		2500		100.923085		91.656776		10.1		3.465801e-20		X	#reduce=0
60000		2500		2500		99.859040		90.772388		10.0		3.465801e-20		X	#reduce=0
65000		2800		2800		122.056754		111.122570		9.8		3.220582e-20		X	#reduce=0
65000		2800		2800		122.449416		111.008656		10.3		3.220582e-20		X	#reduce=0
65000		2800		2800		122.675569		110.989949		10.5		3.220582e-20		X	#reduce=0
65000		2800		2800		122.763702		111.565054		10.0		3.220582e-20		X	#reduce=0
70000		3000		3000		153.518052		144.524574		6.2		2.980196e-20		X	#reduce=0
70000		3000		3000		156.484491		143.254150		9.2		2.980196e-20		X	#reduce=0
70000		3000		3000		156.970439		141.888373		10.6		2.980196e-20		X	#reduce=0
70000		3000		3000		157.601399		139.550253		12.9		2.980196e-20		X	#reduce=0
70000		3000		3000		159.029982		140.658608		13.1		2.980196e-20		X	#reduce=0
75000		3200		3200		181.365832		164.741749		10.1		2.808420e-20		X	#reduce=0
75000		3200		3200		182.386189		164.934066		10.6		2.808420e-20		X	#reduce=0
75000		3200		3200		183.009977		167.212901		9.4		2.808420e-20		X	#reduce=0
75000		3200		3200		184.719178		165.408750		11.7		2.808420e-20		X	#reduce=0
75000		3200		3200		185.392291		166.349488		11.4		2.808420e-20		X	#reduce=0
80000		3400		3400		217.566052		195.416564		11.3		2.601541e-20		X	#reduce=0
80000		3400		3400		218.053264		195.284694		11.7		2.601541e-20		X	#reduce=0

... to be continued
