6000				1.4998648			2.825116			0.0088416			0.0153792			0.482085
8000				3.2107468			4.4856458			0.0135768			0.0284658			0.5635148
10000				4.6978416			7.5777626			0.099204			0.159036			0.8091924	
12000				7.5069984			10.4475384			0.026738			0.0449098			0.9834366
14000				9.8009374			12.7974606			0.0349626			0.0597106			0.7817938
16000				13.4079996			18.065764			0.0437982			0.0803618			1.162299
18000				17.1600806			23.782345			0.0550442			0.0914728			1.4507402
20000				22.0745894			29.0602966			0.0644768			0.1081314			1.5331936
22000				27.2524012			35.7974802			0.0770812			0.1349782			1.631506
24000				32.9769576			46.8160546			0.0904276			0.1529128			1.7942372
26000				41.5711025			52.316267			0.1075475			0.1255145			1.8088615
28000				48.7905326			60.764153			0.1110734			0.2084384			2.1168902
30000				57.4225016			72.9823204			0.1391312			0.2290604			2.3465792
32000				66.5759328			84.7853402			0.1555126			0.2679254			2.8144764
34000				77.985705			97.6207238			0.1721566			0.2955832			2.9836246
36000				90.7445154			113.2428138			0.1809508			0.3299022			3.4906578
38000				104.6457654			126.4877736			0.2180968			0.3695514			3.3966722
40000				118.8817878			143.7640366			0.2386448			0.41776				4.1738874
42000				135.1187556			161.511604			0.2707786			0.4709272			4.017801
44000				152.519314			182.6160592			0.2870586			0.5043266			4.7991592
46000				171.0053855			206.0534105			0.301362333			2.934068667			5.4123278
48000				190.2743976			232.4646766			0.362333			6.7722176			5.3303566
50000				212.8256742			261.5982644			0.3736334			8.7234				6.2740536
