6000		400		800		2.451085		1.409277		73.9		2.421608e-19		X	#reduce=0
8000		500		1000		3.699563		3.274981		13.0		1.876071e-19		X	#reduce=0
10000		700		1300		5.827058		4.061535		43.5		1.529421e-19		X	#reduce=0
12000		800		1500		8.954661		6.842713		30.9		1.297495e-19		X	#reduce=0
14000		900		1800		12.243174		8.934358		37.0		1.133594e-19		X	#reduce=0
16000		1000		2000		16.238431		13.741605		18.2		1.004359e-19		X	#reduce=0
18000		1200		2300		22.281483		17.991829		23.8		9.043717e-20		X	#reduce=0
20000		1300		2500		26.732649		21.233254		25.9		8.266531e-20		X	#reduce=0
22000		1400		2800		32.272232		26.292203		22.7		7.597808e-20		X	#reduce=0
24000		1500		3000		43.254730		33.489344		29.2		7.055381e-20		X	#reduce=0
26000		1700		3300		49.036472		42.239239		16.1		6.582778e-20		X	#reduce=0
28000		1800		3500		58.488078		48.276486		21.2		6.185112e-20		X	#reduce=0
30000		1900		3800		72.061275		56.733563		27.0		5.848909e-20		X	#reduce=0
32000		2000		4000		79.201300		67.131520		18.0		5.523615e-20		X	#reduce=0
34000		2200		4300		93.613463		78.185887		19.7		5.255795e-20		X	#reduce=0
36000		2300		4500		109.029079		91.624223		19.0		5.020572e-20		X	#reduce=0
38000		2400		4800		121.883800		105.484841		15.5		4.799611e-20		X	#reduce=0
40000		2500		5000		136.633683		117.810039		16.0		4.604246e-20		X	#reduce=0
42000		2700		5300		157.077406		134.022729		17.2		4.421804e-20		X	#reduce=0
44000		2800		5500		175.280241		152.603847		14.9		4.264857e-20		X	#reduce=0
46000		2900		5800		197.821824		170.596557		16.0		4.112493e-20		X	#reduce=0
48000		3000		6000		220.986119		190.973596		15.7		3.978563e-20		X	#reduce=0
50000		3200		6300		248.977895		216.219094		15.2		3.851782e-20		X	#reduce=0

