done setting up MPI and BLACS, nprow=8, npcol=16, NB=100
M		Nc		Mc		Flop/s (r)		Flop/s (n)		Perc		resid		who failed
30000		1900		3800		71.217372		56.973761		25.0		6.400425e-20		X	#reduce=0
30000		1900		3800		73.788186		56.568073		30.4		6.400425e-20		X	#reduce=0
30000		1900		3800		73.450783		58.062415		26.5		6.400425e-20		X	#reduce=0
30000		1900		3800		74.587471		59.326358		25.7		6.400425e-20		X	#reduce=0
30000		1900		3800		72.862419		56.553540		28.8		6.400425e-20		X	#reduce=0
30000		1900		3800		72.304358		56.554045		27.9		6.400425e-20		X	#reduce=0
30000		1900		3800		73.725116		58.686940		25.6		6.400425e-20		X	#reduce=0

31000		2000		3900		80.521799		60.991573		32.0		6.325582e-20		X	#reduce=0
31000		2000		3900		78.484390		62.513878		25.5		6.325582e-20		X	#reduce=0
31000		2000		3900		76.441675		63.874754		19.7		6.325582e-20		X	#reduce=0
31000		2000		3900		80.165950		61.483984		30.4		6.325582e-20		X	#reduce=0
31000		2000		3900		76.551017		59.738112		28.1		6.325582e-20		X	#reduce=0
31000		2000		3900		80.009128		62.754833		27.5		6.325582e-20		X	#reduce=0
31000		2000		3900		79.307712		60.423704		31.3		6.325582e-20		X	#reduce=0
31000		2000		3900		78.289503		62.335234		25.6		6.325582e-20		X	#reduce=0

32000		2000		4000		82.521421		65.838810		25.3		6.459349e-20		X	#reduce=0
32000		2000		4000		83.168417		66.419501		25.2		6.459349e-20		X	#reduce=0
32000		2000		4000		84.387967		66.186040		27.5		6.459349e-20		X	#reduce=0
32000		2000		4000		83.254707		65.843501		26.4		6.459349e-20		X	#reduce=0
32000		2000		4000		83.949359		66.491104		26.3		6.459349e-20		X	#reduce=0
32000		2000		4000		85.452011		66.948186		27.6		6.459349e-20		X	#reduce=0
32000		2000		4000		83.202067		68.468158		21.5		6.459349e-20		X	#reduce=0
32000		2000		4000		81.324434		66.046085		23.1		6.459349e-20		X	#reduce=0

33000		2100		4200		92.430320		72.591102		27.3		6.359031e-20		X	#reduce=0
33000		2100		4200		88.767595		72.544904		22.4		6.359031e-20		X	#reduce=0
33000		2100		4200		89.126667		72.978614		22.1		6.359031e-20		X	#reduce=0
33000		2100		4200		90.504169		73.460398		23.2		6.359031e-20		X	#reduce=0
33000		2100		4200		89.179542		72.497276		23.0		6.359031e-20		X	#reduce=0
33000		2100		4200		90.428807		70.940520		27.5		6.359031e-20		X	#reduce=0
33000		2100		4200		89.460221		71.696930		24.8		6.359031e-20		X	#reduce=0
33000		2100		4200		93.125466		72.848568		27.8		6.359031e-20		X	#reduce=0

34000		2200		4300		96.933656		77.203691		25.6		5.801941e-20		X	#reduce=0
34000		2200		4300		98.185229		77.937684		26.0		5.801941e-20		X	#reduce=0
34000		2200		4300		95.535614		76.851771		24.3		5.801941e-20		X	#reduce=0
34000		2200		4300		96.868978		77.964470		24.2		5.801941e-20		X	#reduce=0
34000		2200		4300		98.174481		78.577630		24.9		5.801941e-20		X	#reduce=0
34000		2200		4300		97.381234		79.742212		22.1		5.801941e-20		X	#reduce=0
34000		2200		4300		97.525635		78.519986		24.2		5.801941e-20		X	#reduce=0
34000		2200		4300		96.104703		78.615850		22.2		5.801941e-20		X	#reduce=0

35000		2200		4400		104.930744		85.064467		23.4		5.856837e-20		X	#reduce=0
35000		2200		4400		100.960180		84.914494		18.9		5.856837e-20		X	#reduce=0
35000		2200		4400		106.281868		86.102556		23.4		5.856837e-20		X	#reduce=0
35000		2200		4400		102.735671		83.790900		22.6		5.856837e-20		X	#reduce=0
35000		2200		4400		104.914644		82.536811		27.1		5.856837e-20		X	#reduce=0
35000		2200		4400		104.890111		83.121466		26.2		5.856837e-20		X	#reduce=0
35000		2200		4400		105.928357		85.707749		23.6		5.856837e-20		X	#reduce=0
35000		2200		4400		105.875520		83.798926		26.3		5.856837e-20		X	#reduce=0

36000		2300		4500		111.341025		92.035286		21.0		5.724895e-20		X	#reduce=0
36000		2300		4500		109.952271		89.224390		23.2		5.724895e-20		X	#reduce=0
36000		2300		4500		112.730641		90.934327		24.0		5.724895e-20		X	#reduce=0
36000		2300		4500		110.385266		91.923669		20.1		5.724895e-20		X	#reduce=0
36000		2300		4500		113.881488		88.765004		28.3		5.724895e-20		X	#reduce=0
36000		2300		4500		112.952719		92.038082		22.7		5.724895e-20		X	#reduce=0
36000		2300		4500		110.495762		89.830989		23.0		5.724895e-20		X	#reduce=0
36000		2300		4500		111.213140		90.258868		23.2		5.724895e-20		X	#reduce=0

37000		2400		4700		119.472313		99.062487		20.6		5.288979e-20		X	#reduce=0
37000		2400		4700		120.800964		95.873271		26.0		5.288979e-20		X	#reduce=0
37000		2400		4700		120.046255		98.431103		22.0		5.288979e-20		X	#reduce=0
37000		2400		4700		119.079215		97.096558		22.6		5.288979e-20		X	#reduce=0
37000		2400		4700		118.321316		97.600899		21.2		5.288979e-20		X	#reduce=0
37000		2400		4700		118.962301		96.554511		23.2		5.288979e-20		X	#reduce=0
37000		2400		4700		118.838108		97.018268		22.5		5.288979e-20		X	#reduce=0
37000		2400		4700		119.994247		96.916007		23.8		5.288979e-20		X	#reduce=0

38000		2400		4800		126.483297		104.628724		20.9		5.306463e-20		X	#reduce=0
38000		2400		4800		125.783881		102.466263		22.8		5.306463e-20		X	#reduce=0
38000		2400		4800		126.126140		104.034022		21.2		5.306463e-20		X	#reduce=0
38000		2400		4800		126.208790		105.479580		19.7		5.306463e-20		X	#reduce=0
38000		2400		4800		128.172423		103.496367		23.8		5.306463e-20		X	#reduce=0
38000		2400		4800		128.748951		103.028029		25.0		5.306463e-20		X	#reduce=0
38000		2400		4800		128.921156		104.971882		22.8		5.306463e-20		X	#reduce=0
38000		2400		4800		128.019867		102.998831		24.3		5.306463e-20		X	#reduce=0

39000		2500		4900		137.764912		109.792047		25.5		5.347243e-20		X	#reduce=0
39000		2500		4900		135.774028		111.703938		21.5		5.347243e-20		X	#reduce=0
39000		2500		4900		137.526749		111.237249		23.6		5.347243e-20		X	#reduce=0
39000		2500		4900		136.983413		110.762717		23.7		5.347243e-20		X	#reduce=0
39000		2500		4900		138.026460		112.848126		22.3		5.347243e-20		X	#reduce=0
39000		2500		4900		136.556236		110.041245		24.1		5.347243e-20		X	#reduce=0
39000		2500		4900		134.163663		113.065560		18.7		5.347243e-20		X	#reduce=0
39000		2500		4900		137.006685		111.226246		23.2		5.347243e-20		X	#reduce=0

40000		2500		5000		144.458981		118.388472		22.0		4.893151e-20		X	#reduce=0
40000		2500		5000		143.733564		217.691757		-34.0		4.893151e-20		X	#reduce=0
40000		2500		5000		797.935686		120.305780		563.3		4.893151e-20		X	#reduce=0
40000		2500		5000		755.118452		213.136088		254.3		4.893151e-20		X	#reduce=0
40000		2500		5000		212.540456		119.285684		78.2		4.893151e-20		X	#reduce=0
40000		2500		5000		144.895977		118.949137		21.8		4.893151e-20		X	#reduce=0
40000		2500		5000		144.754397		117.159672		23.6		4.893151e-20		X	#reduce=0
40000		2500		5000		142.803173		117.033348		22.0		4.893151e-20		X	#reduce=0

41000		2600		5200		152.033470		127.053684		19.7		4.942536e-20		X	#reduce=0
41000		2600		5200		153.116264		128.484546		19.2		4.942536e-20		X	#reduce=0
41000		2600		5200		152.355955		124.496695		22.4		4.942536e-20		X	#reduce=0
41000		2600		5200		153.145244		126.465948		21.1		4.942536e-20		X	#reduce=0
41000		2600		5200		154.522626		127.003287		21.7		4.942536e-20		X	#reduce=0
41000		2600		5200		150.317857		126.035233		19.3		4.942536e-20		X	#reduce=0
41000		2600		5200		150.537660		125.350463		20.1		4.942536e-20		X	#reduce=0
41000		2600		5200		152.961023		126.712339		20.7		4.942536e-20		X	#reduce=0

42000		2700		5300		163.039983		134.844923		20.9		4.897514e-20		X	#reduce=0
42000		2700		5300		162.217967		136.698559		18.7		4.897514e-20		X	#reduce=0
42000		2700		5300		166.411445		134.951775		23.3		4.897514e-20		X	#reduce=0
42000		2700		5300		162.822635		136.616914		19.2		4.897514e-20		X	#reduce=0
42000		2700		5300		162.547757		135.567309		19.9		4.897514e-20		X	#reduce=0
42000		2700		5300		164.576676		137.125646		20.0		4.897514e-20		X	#reduce=0
42000		2700		5300		162.950891		134.961431		20.7		4.897514e-20		X	#reduce=0
42000		2700		5300		160.139607		132.763184		20.6		4.897514e-20		X	#reduce=0

43000		2700		5400		171.169991		144.810489		18.2		4.834010e-20		X	#reduce=0
43000		2700		5400		172.845108		143.957433		20.1		4.834010e-20		X	#reduce=0
43000		2700		5400		172.932453		142.408066		21.4		4.834010e-20		X	#reduce=0
43000		2700		5400		173.876252		143.845619		20.9		4.834010e-20		X	#reduce=0
43000		2700		5400		170.595709		145.162985		17.5		4.834010e-20		X	#reduce=0
43000		2700		5400		173.481800		143.226679		21.1		4.834010e-20		X	#reduce=0
43000		2700		5400		172.488188		144.250849		19.6		4.834010e-20		X	#reduce=0
43000		2700		5400		173.816877		143.146896		21.4		4.834010e-20		X	#reduce=0

44000		2800		5500		185.138175		152.763562		21.2		4.526147e-20		X	#reduce=0
44000		2800		5500		297.876364		280.062024		6.4		4.526147e-20		X	#reduce=0
44000		2800		5500		226.051659		282.246273		-19.9		4.526147e-20		X	#reduce=0
44000		2800		5500		189.879827		150.308013		26.3		4.526147e-20		X	#reduce=0
44000		2800		5500		258.657008		151.243663		71.0		4.526147e-20		X	#reduce=0
44000		2800		5500		185.835507		151.049031		23.0		4.526147e-20		X	#reduce=0
44000		2800		5500		227.016718		153.294384		48.1		4.526147e-20		X	#reduce=0
44000		2800		5500		184.108490		149.892959		22.8		4.526147e-20		X	#reduce=0

45000		2900		5700		196.109470		160.789903		22.0		4.626288e-20		X	#reduce=0
45000		2900		5700		196.864764		161.171187		22.1		4.626288e-20		X	#reduce=0
45000		2900		5700		197.334564		158.723453		24.3		4.626288e-20		X	#reduce=0
45000		2900		5700		196.944741		162.331571		21.3		4.626288e-20		X	#reduce=0
45000		2900		5700		197.310620		162.978008		21.1		4.626288e-20		X	#reduce=0
45000		2900		5700		197.055562		161.308558		22.2		4.626288e-20		X	#reduce=0
45000		2900		5700		196.882237		163.003465		20.8		4.626288e-20		X	#reduce=0
45000		2900		5700		202.215067		161.279900		25.4		4.626288e-20		X	#reduce=0

46000		2900		5800		211.045872		171.878589		22.8		4.500953e-20		X	#reduce=0
46000		2900		5800		211.072552		170.523440		23.8		4.500953e-20		X	#reduce=0
46000		2900		5800		208.117410		172.574860		20.6		4.500953e-20		X	#reduce=0
46000		2900		5800		206.675563		171.566028		20.5		4.500953e-20		X	#reduce=0
46000		2900		5800		206.975358		172.673999		19.9		4.500953e-20		X	#reduce=0
46000		2900		5800		206.980007		174.031931		18.9		4.500953e-20		X	#reduce=0
46000		2900		5800		207.338499		171.946162		20.6		4.500953e-20		X	#reduce=0
46000		2900		5800		207.871877		170.214722		22.1		4.500953e-20		X	#reduce=0

47000		3000		5900		226.479049		180.980457		25.1		4.260211e-20		X	#reduce=0
47000		3000		5900		293.230111		183.201596		60.1		4.260211e-20		X	#reduce=0
47000		3000		5900		271.829251		183.628902		48.0		4.260211e-20		X	#reduce=0
47000		3000		5900		251.501987		183.039526		37.4		4.260211e-20		X	#reduce=0
47000		3000		5900		283.707085		182.681000		55.3		4.260211e-20		X	#reduce=0
47000		3000		5900		275.127018		181.449710		51.6		4.260211e-20		X	#reduce=0
47000		3000		5900		271.491339		180.136611		50.7		4.260211e-20		X	#reduce=0
47000		3000		5900		274.094227		182.518957		50.2		4.260211e-20		X	#reduce=0

48000		3000		6000		249.969808		191.463498		30.6		4.429051e-20		X	#reduce=0
48000		3000		6000		257.884793		193.506731		33.3		4.429051e-20		X	#reduce=0
48000		3000		6000		255.399167		189.009026		35.1		4.429051e-20		X	#reduce=0
48000		3000		6000		256.717510		190.446718		34.8		4.429051e-20		X	#reduce=0
48000		3000		6000		254.036381		189.490934		34.1		4.429051e-20		X	#reduce=0
48000		3000		6000		256.367319		190.767001		34.4		4.429051e-20		X	#reduce=0
48000		3000		6000		303.701705		191.987209		58.2		4.429051e-20		X	#reduce=0
48000		3000		6000		256.305522		191.159921		34.1		4.429051e-20		X	#reduce=0

49000		3100		6200		274.141707		204.375459		34.1		4.633999e-20		X	#reduce=0
49000		3100		6200		351.292713		203.047938		73.0		4.633999e-20		X	#reduce=0
49000		3100		6200		272.112746		204.211397		33.3		4.633999e-20		X	#reduce=0
49000		3100		6200		288.995831		200.417032		44.2		4.633999e-20		X	#reduce=0
49000		3100		6200		270.121689		201.453275		34.1		4.633999e-20		X	#reduce=0
49000		3100		6200		323.792184		200.626503		61.4		4.633999e-20		X	#reduce=0
49000		3100		6200		271.517768		203.843753		33.2		4.633999e-20		X	#reduce=0
49000		3100		6200		338.198490		201.974684		67.4		4.633999e-20		X	#reduce=0

50000		3200		6300		301.533909		211.554550		42.5		4.636197e-20		X	#reduce=0
50000		3200		6300		293.121846		212.307897		38.1		4.636197e-20		X	#reduce=0
50000		3200		6300		300.120642		213.856866		40.3		4.636197e-20		X	#reduce=0
50000		3200		6300		730.815919		290.216036		151.8		4.636197e-20		X	#reduce=0
50000		3200		6300		370.343320		211.131632		75.4		4.636197e-20		X	#reduce=0
50000		3200		6300		357.063775		211.957432		68.5		4.636197e-20		X	#reduce=0
50000		3200		6300		302.576453		214.174501		41.3		4.636197e-20		X	#reduce=0
50000		3200		6300		377.260001		211.519960		78.4		4.636197e-20		X	#reduce=0

51000		3200		6400		316.438859		228.154076		38.7		4.464214e-20		X	#reduce=0
51000		3200		6400		384.307928		224.226871		71.4		4.464214e-20		X	#reduce=0
51000		3200		6400		318.200698		223.464910		42.4		4.464214e-20		X	#reduce=0
51000		3200		6400		314.306211		223.300648		40.8		4.464214e-20		X	#reduce=0
51000		3200		6400		379.992078		224.666625		69.1		4.464214e-20		X	#reduce=0
51000		3200		6400		372.311538		225.695435		65.0		4.464214e-20		X	#reduce=0
51000		3200		6400		389.433724		224.309382		73.6		4.464214e-20		X	#reduce=0
51000		3200		6400		367.745470		223.751131		64.4		4.464214e-20		X	#reduce=0
