done setting up MPI and BLACS, nprow=8, npcol=16, NB=100
M		Nc		Mc		Flop/s (r)		Flop/s (n)		Perc		resid		who failed
6000		400		800		3.850241		1.649359		133.4		3.519308e-19		X	#reduce=0
8000		500		1000		4.421033		3.119854		41.7		2.476068e-19		X	#reduce=0
10000		700		1300		6.686323		4.097261		63.2		1.720534e-19		X	#reduce=0
12000		800		1500		9.258949		7.252104		27.7		1.675439e-19		X	#reduce=0
14000		900		1800		12.189283		9.053579		34.6		1.512502e-19		X	#reduce=0
16000		1000		2000		17.316055		12.842942		34.8		1.372089e-19		X	#reduce=0
18000		1200		2300		22.513396		17.655270		27.5		1.153811e-19		X	#reduce=0
20000		1300		2500		29.673388		22.177068		33.8		9.687510e-20		X	#reduce=0
22000		1400		2800		34.270775		27.476208		24.7		9.494762e-20		X	#reduce=0
24000		1500		3000		42.194822		33.039391		27.7		8.227278e-20		X	#reduce=0
26000		1700		3300		53.484527		38.970669		37.2		8.037443e-20		X	#reduce=0
28000		1800		3500		62.753096		48.614273		29.1		7.272433e-20		X	#reduce=0
30000		1900		3800		75.806194		58.218883		30.2		6.400425e-20		X	#reduce=0
32000		2000		4000		84.239950		68.750053		22.5		6.459349e-20		X	#reduce=0
34000		2200		4300		99.159259		79.489635		24.7		5.801941e-20		X	#reduce=0
36000		2300		4500		114.342333		90.942982		25.7		5.724895e-20		X	#reduce=0
38000		2400		4800		128.261241		104.360769		22.9		5.306463e-20		X	#reduce=0
40000		2500		5000		142.542711		120.212660		18.6		4.893151e-20		X	#reduce=0
42000		2700		5300		163.369441		135.492935		20.6		4.897514e-20		X	#reduce=0
44000		2800		5500		187.177574		151.658397		23.4		4.526147e-20		X	#reduce=0
46000		2900		5800		208.559066		172.129338		21.2		4.500953e-20		X	#reduce=0
48000		3000		6000		233.776668		190.341251		22.8		4.429051e-20		X	#reduce=0
50000		3200		6300		261.672668		209.934072		24.6		4.636197e-20		X	#reduce=0
done setting up MPI and BLACS, nprow=8, npcol=16, NB=100
M		Nc		Mc		Flop/s (r)		Flop/s (n)		Perc		resid		who failed
6000		400		800		3.600799		1.607603		124.0		3.519308e-19		X	#reduce=0
8000		500		1000		4.004886		3.061530		30.8		2.476068e-19		X	#reduce=0
10000		700		1300		7.692543		5.417567		42.0		1.720534e-19		X	#reduce=0
12000		800		1500		10.382091		6.632980		56.5		1.675439e-19		X	#reduce=0
14000		900		1800		13.848460		9.532073		45.3		1.512502e-19		X	#reduce=0
16000		1000		2000		17.363366		12.972284		33.8		1.372089e-19		X	#reduce=0
18000		1200		2300		23.302918		18.301686		27.3		1.153811e-19		X	#reduce=0
20000		1300		2500		29.427406		20.265520		45.2		9.687510e-20		X	#reduce=0
22000		1400		2800		35.561210		26.244370		35.5		9.494762e-20		X	#reduce=0
24000		1500		3000		42.981420		33.221189		29.4		8.227278e-20		X	#reduce=0
26000		1700		3300		51.392140		39.579504		29.8		8.037443e-20		X	#reduce=0
28000		1800		3500		60.847942		49.538685		22.8		7.272433e-20		X	#reduce=0
30000		1900		3800		71.423155		60.037438		19.0		6.400425e-20		X	#reduce=0
32000		2000		4000		83.939390		67.899193		23.6		6.459349e-20		X	#reduce=0
34000		2200		4300		99.280115		78.464423		26.5		5.801941e-20		X	#reduce=0
36000		2300		4500		111.675260		91.547259		22.0		5.724895e-20		X	#reduce=0
38000		2400		4800		127.208140		102.593303		24.0		5.306463e-20		X	#reduce=0
40000		2500		5000		144.691214		117.867401		22.8		4.893151e-20		X	#reduce=0
42000		2700		5300		164.071717		134.970206		21.6		4.897514e-20		X	#reduce=0
44000		2800		5500		186.044696		151.111734		23.1		4.526147e-20		X	#reduce=0
46000		2900		5800		205.182381		170.814995		20.1		4.500953e-20		X	#reduce=0
48000		3000		6000		236.160782		193.696278		21.9		4.429051e-20		X	#reduce=0
50000		3200		6300		260.691929		212.635053		22.6		4.636197e-20		X	#reduce=0

