       #ScaLAPACK QR	FT-QR (no failure)	FT-QR (with failure)
 6000       204.3601081		117.4989851			79.98224838
 8000       237.3869355		184.5262986			144.7130657
 10000      328.2831081		228.817584			173.3280312
 12000      336.708554		257.2961724			221.9206131
 14000      409.5052679		298.8331838			264.1930342
 16000      397.4305282		336.3214915			314.5319481
 18000      432.1961931		360.1821922			333.6921153
 20000      502.356665		399.0127079			362.4739016
 22000      539.9826456		439.9241222			399.2365089
 24000      550.3840266		466.6937115			428.83646
 26000      554.8079753		477.9027877			455.9970974
 28000      606.2854975		500.4324699			481.0242117
 30000      634.5450223		545.2380281			504.0382212
 32000      650.8219487		551.6407769			520.5025515
 34000      670.2658925		559.80552			527.8532698
 36000      678.9470946		570.5633815			546.6632653
 38000      693.5846513		600.2657176			575.1413916
 40000      724.3298963		624.5409731			589.7616792
 42000      737.0690086		628.8873907			602.0781754
 44000      744.2713202		647.9832868			610.4912911
 46000      760.7500152		656.0516464			632.5169476
 48000      772.127682		667.2636303			624.3881764
 50000      770.8230739		669.4034692			639.3242296
























