0.364
0.408
0.415
0.261
0.303
0.268
0.257
0.249
0.32
0.27
0.296
0.31
0.294
0.277
0.232
0.349
0.245
0.347
0.139
0.334
0.221
0.407
0.255
0.435
0.214
0.214
0.214
0.214
0.305
0.235
0.274
0.304
0.281
0.302
0.239
0.362
0.271
0.192
0.288
0.29
0.377
0.288
0.401
0.449
0.44
0.461
0.693
0.599
0.455
0.445
0.414
0.555
0.443
0.463
0.428
0.479
0.346
0.621
0.351
0.324
0.547
0.403
0.396
0.48
0.464
0.421
0.394
0.378
0.622
0.528
0.392
0.616
0.492
0.727
0.562
0.679
0.394
0.537
0.518
0.56
0.533
0.667
0.597
0.53
0.539
0.587
0.366
0.546
0.41
0.528
0.491
0.495
0.458
0.448
0.373
0.241
0.416
0.471
0.523
0.65
0.387
0.669
0.486
0.455
0.461
0.482
0.483
0.389
0.561
0.382
0.64
0.45
0.457
0.325
0.664
0.42
0.673
0.544
0.563
0.53
0.684
0.546
0.618
0.657
0.699
0.639
0.686
0.6
0.641
0.658
0.563
0.51
0.584
0.387
0.629
0.694
0.581
0.712
0.717
0.587
0.853
0.697
0.79
0.5
0.689
0.783
0.684
0.748
0.62
0.62
0.62
0.62
0.448
0.686
0.499
0.558
0.759
0.646
0.578
0.551
0.528
0.695
0.575
0.718
0.482
0.692
0.675
0.545
0.618
0.563
0.672
0.561
0.627
0.686
0.549
0.765
0.655
0.576
0.504
0.607
0.571
0.55
0.497
0.556
0.512
0.759
0.49
0.644
0.513
0.561
0.661
0.653
0.608
0.523
0.565
0.564
0.664
0.697
0.591
0.529
0.602
0.598
0.531
0.662
0.491
0.561
0.645
0.645
0.679
0.66
0.627
0.668
0.661
0.658
0.512
0.539
0.54
0.535
0.561
0.546
0.399
0.475
0.502
0.576
0.702
0.35
0.632
0.473
0.62
0.583
0.587
0.647
0.457
0.532
0.646
0.691
0.517
0.656
0.658
0.714
0.67
0.672
0.566
0.603
0.689
0.556
0.567
0.568
0.549
0.671
0.507
0.606
0.673
0.673
0.659
0.628
0.68
0.685
0.465
0.583
0.665
0.616
0.457
0.377
0.612
0.492
0.487
0.733
0.537
0.626
0.542
0.543
0.468
0.659
0.476
0.388
0.439
0.572
0.6
0.595
0.466
0.482
0.602
0.649
0.447
0.358
0.635
0.537
0.604
0.679
0.598
0.672
0.588
0.532
0.576
0.614
0.525
0.397
0.576
0.432
0.558
0.498
0.459
0.268
0.803
0.509
0.661
0.387
0.607
0.525
0.623
0.79
0.68
0.53
0.536
0.405
0.481
0.52
0.713
0.551
0.604
0.627
0.396
0.575
0.418
0.416
0.588
0.654
0.564
0.543
0.6
0.592
0.612
0.55
0.646
0.664
0.47
0.523
0.383
0.479
0.548
0.606
0.615
0.845
0.546
0.771
0.363
0.494
0.313
0.516
0.43
0.649
0.433
0.505
0.53
0.667
0.708
0.664
0.669
0.638
0.513
0.622
0.604
0.553
0.663
0.323
0.331
0.589
0.537
0.57
0.59
0.61
0.71
0.594
0.628
0.626
0.358
0.308
0.423
0.631
0.625
0.428
0.898
0.69
0.693
0.529
0.554
0.648
0.661
0.532
0.575
0.671
0.588
0.5
0.637
0.619
0.646
0.611
0.712
0.444
0.689
0.622
0.581
0.56
0.408
0.514
0.671
0.634
0.606
0.606
0.488
0.679
0.702
0.558
0.503
0.518
0.628
0.556
0.509
0.872
0.571
0.665
0.4
0.528
0.509
0.627
0.557
0.665
0.655
0.532
0.379
0.546
0.51
0.67
0.5
0.646
0.629
0.646
0.481
0.562
0.604
0.584
0.684
0.641
0.436
0.58
0.469
0.603
0.424
0.473
0.509
0.666
0.59
0.513
0.529
0.509
0.478
0.537
0.677
0.537
0.569
0.354
0.547
0.421
0.608
0.529
0.625
0.623
0.637
0.507
0.644
0.589
0.613
0.566
0.67
0.694
0.657
0.501
0.677
0.631
0.566
0.697
0.674
0.55
0.615
0.541
0.715
0.535
0.558
0.485
0.534
0.377
0.415
0.347
0.566
0.446
0.478
0.642
0.294
0.65
0.243
0.463
0.453
0.825
0.682
0.607
0.485
0.526
0.453
0.599
0.455
0.676
0.476
0.649
0.474
0.563
0.383
0.449
0.202
0.431
0.518
0.543
0.299
0.485
0.381
0.384
0.317
0.476
0.456
0.474
0.347
0.307
0.314
0.489
0.302
0.373
0.254
0.534
0.667
0.303
0.469
0.218
0.477
0.302
0.432
0.392
0.313
0.271
0.268
0.472
0.407
0.577
0.382
0.468
0.443
0.333
0.381
0.388
0.376
0.287
0.388
0.419
0.373
0.309
0.336
0.279
0.37
0.14
0.458
0.178
0.268
0.183
0.313
0.305
0.402
0.176
0.287
0.33
0.175
0.486
0.282
0.375
0.273
0.379
0.488
0.329
0.342
0.286
0.233
0.438
0.311
0.454
0.209
0.396
0.312
0.42
0.238
0.326
0.222
0.273
0.24
0.387
0.267
0.306
0.129
0.243
0.439
0.411
0.297
0.261
0.021
0.467
0.257
0.314
0.375
0.373
0.381
0.217
0.233
0.369
0.428
0.163
0.287
0.223
0.254
-0.027
0.256
0.353
0.41
0.277
0.38
0.308
0.42
0.272
0.34
0.32
0.26
0.292
0.447
0.326
0.402
0.275
0.33
0.192
0.224
0.004
0.218
0.316
0.453
0.218
0.18
0.609
0.298
0.214
0.332
0.327
0.258
0.156
0.33
0.329
0.227
0.285
0.249
0.411
0.349
0.428
0.385
0.407
0.252
0.247
0.106
0.338
0.377
0.455
0.3
0.461
0.334
0.36
0.214
0.392
0.396
0.306
0.032
0.13
0.206
0.318
0.38
0.178
0.392
0.232
0.28
0.208
0.24
0.176
0.177
0.314
0.148
0.268
0.315
0.222
0.224
0.336
0.25
0.364
0.3
0.26
0.292
0.293
0.27
0.335
0.36
0.321
0.277
0.155
0.203
0.263
0.572
0.333
0.262
0.237
0.219
0.194
0.341
0.243
0.148
0.36
0.301
0.261
0.089
0.354
0.407
0.187
0.412
0.34
0.392
0.265
0.344
0.281
0.249
0.282
0.24
0.287
0.248
0.261
0.251
0.15
0.286
0.246
0.239
0.202
0.238
0.254
0.244
0.412
0.379
0.115
0.043
0.148
0.194
0.337
0.309
0.244
0.409
0.239
0.345
0.219
0.31
0.185
0.306
0.344
0.111
0.177
0.315
0.2
0.341
0.238
0.139
0.34
0.336
0.181
0.285
0.233
0.258
0.391
0.32
0.243
0.383
0.309
0.177
0.215
0.168
0.365
0.389
0.169
0.104
0.225
0.267
-0.065
-0.014
0.302
0.116
0.095
0.142
0.069
0.11
0.072
0.217
0.176
0.344
0.118
0.107
0.076
0.216
0.067
0.055
0.105
-0.105
0.005
0.14
0.105
0.043
0.151
0.099
0.145
-0.011
0.148
0.057
0.183
0.115
0.008
0.011
-0.003
0.083
0.067
0.06
-0.097
0.347
-0.022
0.253
0.129
0.187
0.121
-0.003
0.189
0.007
0.089
0.062
0.067
0.093
0.153
0.096
0.119
0.116
0.15
0.207
0.172
0.09
0.128
0.06
-0.047
0.182
-0.088
0.022
0.122
0.216
0.154
0.26
0.083
0.267
0.057
-0.136
0.087
0.188
0.422
0.148
0.257
0.125
0.073
0.085
0.166
0.148
0.164
0.056
0.06
0.048
0.027
0.113
0.174
0.224
-0.02
0.139
0.059
0.112
0.059
0.304
0.066
0.216
0.251
0.057
0.098
0.078
-0.036
0.392
0.171
0.131
-0.125
-0.038
0.189
0.084
0.131
0.112
0.105
0.182
-0.042
0.209
-0.082
0.093
-0.045
0.16
-0.094
0.061
0.023
-0.014
0.228
0.232
0.234
0.153
0.21
0.183
-0.051
0.07
0.086
-0.261
0.057
-0.133
0.102
0.054
0.127
0.092
0.195
0.301
0.2
0.172
0.127
-0.164
0.164
0.153
0.206
0.044
0.26
0.122
0.146
0.055
0.194
0.136
0.24
0.224
0.17
0.032
0.009
-0.053
0.113
0.023
0.122
-0.112
0.271
0.09
0.247
0.103
0.189
0.115
0.097
0.184
-0.023
0.115
0.017
0.238
0.152
0.176
0
0.149
0.125
0.256
0.075
0.038
0.049
0.037
0.099
0.042
-0.065
0.485
0.044
0.368
0.048
0.038
0.027
0.15
0.046
0.118
0.567
