			#tload		tdump		drecover		tftqr-tload--tdump-trecover
 20000      0.0644768	0.1081314	1.5331936       27.3544948
 22000      0.0770812	0.1349782	1.631506        33.9539148
 24000      0.0904276	0.1529128	1.7942372       44.778477
 26000      0.1075475	0.1255145	1.8088615       50.2743435
 28000      0.1110734	0.2084384	2.1168902       58.327751
 30000      0.1391312	0.2290604	2.3465792       70.2675496
 32000      0.1555126	0.2679254	2.8144764       81.5474258
 34000      0.1721566	0.2955832	2.9836246       94.1693594
 36000      0.1809508	0.3299022	3.4906578       109.241303
 38000      0.2180968	0.3695514	3.3966722       122.5034532
 40000      0.2386448	0.41776		4.1738874       138.9337444
 42000      0.2707786	0.4709272	4.017801        156.7520972
 44000      0.2870586	0.5043266	4.7991592       177.0255148
 46000      0.301362333	2.934068667	5.4123278       197.4056517
 48000      0.362333	6.7722176	5.3303566       219.9997694
 50000      0.3736334	8.7234		6.2740536       246.2271774








