		#ScaLAPACK QR	FT-QR (no failure)	FT-QR (with failure)
  10000       0.333754364		0.306950197			0.246962378
  15000       0.619694213		0.562166144			0.513046136
  20000       1.009874267		0.853637297			0.742831502
  25000       1.30344576		1.174359681			1.052465648
  30000       1.587220267		1.423084253			1.213067854
  35000       1.81676146		1.635857087			1.373645892
  40000       1.987064983		1.83213619			1.661845465
  45000       2.230119844		2.027933067			1.715524474
  50000       2.411366359		2.197380484			1.941067091
  55000       2.585896427		2.346070118			2.159150458
  60000       2.665526044		2.382335774			2.183618542
  65000       2.791614482		2.54052883			2.28825951
  70000       2.842843019		2.59541054			2.51143576
  75000       2.963166497		2.758186928			2.47020562
  80000       3.056062129		2.773213981			2.59917653
  85000       3.148920608		2.87344441			2.665723262
  90000       3.241482006		2.913518428			2.849556194
  95000       3.283162701		2.995431772			2.919006287
  100000      3.187321559		2.96670529			2.858515102
